chemicalSpecies : ['Cu', 'O']
spaceGroupNumber : 224
charges : [2, -2]
basis : [[0.25, 0.25, 0.75], [0.0, 0.0, 0.0]]
cellDimension : [4.269670, 4.269670, 4.269670, 90, 90, 90]
surfaceEnergy : [0.549, 0.757, 1.171]
surfaces : [[1, 1, 1], [1, 1, 0], [1, 0, 0]]
nanoparticleSize : 15.5
sizeRange : 1
step : 1

centering: manualShift
numberOfShifts: 1
shifts:
    - [0.25, 0.25, 0.75]
onlyNp0 : False
debug: 1

